Open: 2616.24, Close: 2616.24, Min: 2616.24, Max: 2616.24, Volume: 0.00210000
Open: 2616.25, Close: 2616.43, Min: 2616.25, Max: 2616.92, Volume: 1.15320000
