Open: 60224.00, Close: 60224.00, Min: 60224.00, Max: 60224.00, Volume: 0.00120000
Open: 60224.00, Close: 60236.01, Min: 60224.00, Max: 60246.96, Volume: 2.91748000
